0 0 0 0 0 0 0 0 0 0 0 0
0 1 3 5 7 9 11 13 2 4 6 0
0 1 3 5 7 9 11 13 2 4 6 0
0 8 10 12 14 1 3 5 7 9 11 0
0 8 10 12 14 1 3 5 7 9 11 0
0 13 2 4 6 8 10 12 14 1 3 0
0 13 2 4 6 8 10 12 14 1 3 0
0 5 7 9 11 13 2 4 6 8 10 0
0 5 7 9 11 13 2 4 6 8 10 0
0 12 14 1 3 5 7 9 11 13 2 0
0 12 14 1 3 5 7 9 11 13 2 0
0 0 0 0 0 0 0 0 0 0 0 0

0 0 0 0 0 0 0 0 0 0 0 0
0 1 2 1 2 3 4 3 4 5 6 0
0 7 8 7 8 9 10 9 10 11 12 0
0 13 14 13 14 1 2 1 2 3 4 0
0 5 6 5 6 7 8 7 8 9 10 0
0 11 12 11 12 13 14 13 14 1 2 0
0 3 4 3 4 5 6 5 6 7 8 0
0 9 10 9 10 11 12 11 12 13 14 0
0 1 2 3 4 5 6 7 8 9 10 0
0 11 12 13 14 1 2 3 4 5 6 0
0 7 8 9 10 11 12 13 14 1 2 0
0 0 0 0 0 0 0 0 0 0 0 0

0 0 0 0 0 0 0 0 0 0 0 0
0 1 4 7 10 13 2 5 8 11 14 0
0 2 5 8 11 14 1 4 7 10 13 0
0 3 6 9 12 1 3 6 9 12 2 0
0 4 7 10 13 3 5 8 11 14 6 0
0 5 8 11 14 4 7 10 13 3 9 0
0 6 9 12 2 5 8 11 14 4 10 0
0 7 10 13 3 6 9 12 1 5 11 0
0 8 11 14 4 7 10 13 2 6 12 0
0 9 12 1 5 8 11 14 3 7 13 0
0 10 13 2 6 9 12 1 4 8 14 0
0 0 0 0 0 0 0 0 0 0 0 0

0 0 0 0 0 0 0 0 0 0 0 0
0 1 1 2 2 3 3 4 4 5 5 0
0 6 6 7 7 8 8 9 9 10 10 0
0 11 11 12 12 13 13 14 14 1 1 0
0 2 2 3 3 4 4 5 5 6 6 0
0 7 7 8 8 9 9 10 10 11 11 0
0 12 12 13 13 14 14 1 1 2 2 0
0 3 3 4 4 5 5 6 6 7 7 0
0 8 8 9 9 10 10 11 11 12 12 0
0 13 13 14 14 1 1 2 2 3 3 0
0 4 4 5 5 6 6 7 7 8 8 0
0 0 0 0 0 0 0 0 0 0 0 0

0 0 0 0 0 0 0 0 0 0 0 0
0 1 2 3 1 2 3 4 5 6 4 0
0 7 8 9 7 8 9 10 11 12 10 0
0 13 14 1 13 14 1 2 3 4 2 0
0 5 6 7 5 6 7 8 9 10 8 0
0 11 12 13 11 12 13 14 1 2 14 0
0 3 4 5 3 4 5 6 7 8 6 0
0 9 10 11 9 10 11 12 13 14 12 0
0 1 2 7 8 1 2 7 8 3 4 0
0 9 10 11 12 9 10 11 12 13 14 0
0 5 6 13 14 5 6 13 14 1 2 0
0 0 0 0 0 0 0 0 0 0 0 0

0 0 0 0 0 0 0 0 0 0 0 0
0 1 5 9 13 2 6 10 14 3 7 0
0 1 5 9 13 2 6 10 14 3 7 0
0 4 8 11 12 1 5 9 13 2 6 0
0 4 8 11 12 1 5 9 13 2 6 0
0 10 14 3 7 4 8 11 12 1 5 0
0 10 14 3 7 4 8 11 12 1 5 0
0 9 13 2 6 10 14 3 7 4 8 0
0 9 13 2 6 10 14 3 7 4 8 0
0 11 12 1 5 9 13 2 6 10 14 0
0 11 12 1 5 9 13 2 6 10 14 0
0 0 0 0 0 0 0 0 0 0 0 0

0 0 0 0 0 0 0 0 0 0 0 0
0 1 2 4 7 11 14 10 6 3 8 0
0 3 5 8 12 1 2 4 7 11 14 0
0 6 9 10 13 3 5 8 12 1 2 0
0 4 7 11 14 6 9 10 13 3 5 0
0 8 12 1 2 4 7 11 14 6 9 0
0 10 13 3 5 8 12 1 2 4 7 0
0 11 14 6 9 10 13 3 5 8 12 0
0 1 2 4 7 11 14 6 9 10 13 0
0 3 5 8 12 1 2 4 7 11 14 0
0 6 9 10 13 3 5 8 12 1 2 0
0 0 0 0 0 0 0 0 0 0 0 0

0 0 0 0 0 0 0 0 0 0 0 0
0 1 3 2 6 5 9 8 12 11 14 0
0 1 3 2 6 5 9 8 12 11 14 0
0 4 7 10 13 1 3 2 6 5 9 0
0 4 7 10 13 1 3 2 6 5 9 0
0 8 12 11 14 4 7 10 13 1 3 0
0 8 12 11 14 4 7 10 13 1 3 0
0 2 6 5 9 8 12 11 14 4 7 0
0 2 6 5 9 8 12 11 14 4 7 0
0 10 13 1 3 2 6 5 9 8 12 0
0 10 13 1 3 2 6 5 9 8 12 0
0 0 0 0 0 0 0 0 0 0 0 0

0 0 0 0 0 0 0 0 0 0 0 0
0 1 2 3 4 1 2 3 4 5 6 0
0 7 8 9 10 7 8 9 10 11 12 0
0 13 14 5 6 13 14 5 6 1 2 0
0 11 12 13 14 11 12 13 14 3 4 0
0 5 6 7 8 5 6 7 8 9 10 0
0 1 2 11 12 1 2 11 12 13 14 0
0 3 4 9 10 3 4 9 10 5 6 0
0 7 8 13 14 7 8 13 14 1 2 0
0 9 10 1 2 9 10 1 2 3 4 0
0 11 12 3 4 11 12 3 4 7 8 0
0 0 0 0 0 0 0 0 0 0 0 0

0 0 0 0 0 0 0 0 0 0 0 0
0 1 6 11 2 7 12 3 8 13 4 0
0 1 6 11 2 7 12 3 8 13 4 0
0 9 14 5 10 1 6 11 2 7 12 0
0 9 14 5 10 1 6 11 2 7 12 0
0 3 8 13 4 9 14 5 10 1 6 0
0 3 8 13 4 9 14 5 10 1 6 0
0 11 2 7 12 3 8 13 4 9 14 0
0 11 2 7 12 3 8 13 4 9 14 0
0 5 10 1 6 11 2 7 12 3 8 0
0 5 10 1 6 11 2 7 12 3 8 0
0 0 0 0 0 0 0 0 0 0 0 0

0 0 0 0 0 0 0 0 0 0 0 0
0 1 4 2 5 3 6 7 10 8 11 0
0 9 12 13 14 1 4 2 5 3 6 0
0 7 10 8 11 9 12 13 14 1 4 0
0 2 5 3 6 7 10 8 11 9 12 0
0 13 14 1 4 2 5 3 6 7 10 0
0 8 11 9 12 13 14 1 4 2 5 0
0 3 6 7 10 8 11 9 12 13 14 0
0 1 4 13 14 2 5 9 12 3 6 0
0 7 10 8 11 1 4 13 14 2 5 0
0 9 12 3 6 7 10 8 11 1 4 0
0 0 0 0 0 0 0 0 0 0 0 0

0 0 0 0 0 0 0 0 0 0 0 0
0 1 14 2 13 3 12 4 11 5 10 0
0 1 14 2 13 3 12 4 11 5 10 0
0 6 9 7 8 1 14 2 13 3 12 0
0 6 9 7 8 1 14 2 13 3 12 0
0 4 11 5 10 6 9 7 8 1 14 0
0 4 11 5 10 6 9 7 8 1 14 0
0 2 13 3 12 4 11 5 10 6 9 0
0 2 13 3 12 4 11 5 10 6 9 0
0 7 8 1 14 2 13 3 12 4 11 0
0 7 8 1 14 2 13 3 12 4 11 0
0 0 0 0 0 0 0 0 0 0 0 0

0 0 0 0 0 0 0 0 0 0 0 0
0 1 2 5 6 9 10 13 14 3 4 0
0 1 2 5 6 9 10 13 14 3 4 0
0 7 8 11 12 1 2 5 6 9 10 0
0 7 8 11 12 1 2 5 6 9 10 0
0 13 14 3 4 7 8 11 12 1 2 0
0 13 14 3 4 7 8 11 12 1 2 0
0 5 6 9 10 13 14 3 4 7 8 0
0 5 6 9 10 13 14 3 4 7 8 0
0 11 12 1 2 5 6 9 10 13 14 0
0 11 12 1 2 5 6 9 10 13 14 0
0 0 0 0 0 0 0 0 0 0 0 0

0 0 0 0 0 0 0 0 0 0 0 0
0 1 3 6 8 11 13 2 4 5 7 0
0 9 12 14 1 3 6 8 11 13 2 0
0 4 5 7 9 12 14 1 3 6 8 0
0 11 13 2 4 5 7 9 12 14 1 0
0 3 6 8 11 13 2 4 5 7 9 0
0 12 14 1 3 6 8 11 13 2 4 0
0 5 7 9 12 14 1 3 6 8 11 0
0 13 2 4 5 7 9 12 14 1 3 0
0 6 8 11 13 2 4 5 7 9 12 0
0 14 1 3 6 8 11 13 2 4 5 0
0 0 0 0 0 0 0 0 0 0 0 0

0 0 0 0 0 0 0 0 0 0 0 0
0 1 2 3 4 5 1 2 3 4 5 0
0 6 7 8 9 10 6 7 8 9 10 0
0 11 12 13 14 1 11 12 13 14 1 0
0 2 3 4 5 6 2 3 4 5 6 0
0 7 8 9 10 11 7 8 9 10 11 0
0 12 13 14 1 2 12 13 14 1 2 0
0 3 4 5 6 7 3 4 5 6 7 0
0 8 9 10 11 12 8 9 10 11 12 0
0 13 14 1 2 3 13 14 1 2 3 0
0 4 5 6 7 8 4 5 6 7 8 0
0 0 0 0 0 0 0 0 0 0 0 0

0 0 0 0 0 0 0 0 0 0 0 0
0 1 7 13 2 8 14 3 9 1 10 0
0 4 11 2 7 13 3 8 14 4 9 0
0 5 12 4 11 5 12 1 7 13 2 0
0 8 14 3 9 10 1 7 13 2 8 0
0 14 4 9 10 5 12 4 11 1 7 0
0 13 2 8 14 3 9 10 5 12 4 0
0 11 5 12 1 7 13 2 8 14 3 0
0 9 10 4 11 5 12 1 7 13 2 0
0 8 14 3 9 10 4 11 5 12 1 0
0 7 13 2 8 14 3 9 10 4 11 0
0 0 0 0 0 0 0 0 0 0 0 0

0 0 0 0 0 0 0 0 0 0 0 0
0 1 2 7 8 1 2 7 8 13 14 0
0 3 4 9 10 3 4 9 10 11 12 0
0 5 6 11 12 5 6 11 12 1 2 0
0 13 14 1 2 13 14 1 2 3 4 0
0 7 8 3 4 7 8 3 4 5 6 0
0 9 10 5 6 9 10 5 6 7 8 0
0 11 12 13 14 11 12 13 14 9 10 0
0 1 2 5 6 3 4 7 8 11 12 0
0 13 14 9 10 1 2 5 6 3 4 0
0 7 8 11 12 13 14 9 10 1 2 0
0 0 0 0 0 0 0 0 0 0 0 0

0 0 0 0 0 0 0 0 0 0 0 0
0 1 5 2 6 3 7 4 8 9 10 0
0 11 12 13 14 1 5 2 6 3 7 0
0 4 8 9 10 11 12 13 14 1 5 0
0 2 6 3 7 4 8 9 10 11 12 0
0 13 14 1 5 2 6 3 7 4 8 0
0 9 10 11 12 13 14 1 5 2 6 0
0 3 7 4 8 9 10 11 12 13 14 0
0 1 5 13 14 2 6 11 12 3 7 0
0 4 8 9 10 1 5 13 14 2 6 0
0 11 12 3 7 4 8 9 10 1 5 0
0 0 0 0 0 0 0 0 0 0 0 0

0 0 0 0 0 0 0 0 0 0 0 0
0 1 10 2 9 3 8 4 7 5 6 0
0 1 10 2 9 3 8 4 7 5 6 0
0 11 14 12 13 1 10 2 9 3 8 0
0 11 14 12 13 1 10 2 9 3 8 0
0 4 7 5 6 11 14 12 13 1 10 0
0 4 7 5 6 11 14 12 13 1 10 0
0 2 9 3 8 4 7 5 6 11 14 0
0 2 9 3 8 4 7 5 6 11 14 0
0 12 13 1 10 2 9 3 8 4 7 0
0 12 13 1 10 2 9 3 8 4 7 0
0 0 0 0 0 0 0 0 0 0 0 0

0 0 0 0 0 0 0 0 0 0 0 0
0 1 2 3 11 12 13 4 5 6 14 0
0 7 8 9 1 2 3 10 11 12 4 0
0 5 6 14 7 8 9 1 2 3 10 0
0 11 12 4 5 6 14 7 8 9 1 0
0 2 3 10 11 12 4 5 6 14 7 0
0 8 9 1 2 3 10 11 12 4 5 0
0 6 14 7 8 9 1 2 3 10 11 0
0 12 4 5 6 14 7 8 9 1 2 0
0 3 10 11 12 4 5 6 14 7 8 0
0 9 1 2 3 10 11 12 4 5 6 0
0 0 0 0 0 0 0 0 0 0 0 0

0 0 0 0 0 0 0 0 0 0 0 0
0 1 8 1 8 2 9 2 9 3 10 0
0 3 10 4 11 4 11 5 12 5 12 0
0 6 13 6 13 7 14 7 14 1 8 0
0 2 9 3 10 3 10 4 11 4 11 0
0 5 12 5 12 6 13 6 13 7 14 0
0 7 14 1 8 1 8 2 9 2 9 0
0 4 11 5 12 5 12 6 13 6 13 0
0 7 14 7 14 1 8 1 8 2 9 0
0 3 10 3 10 4 11 4 11 5 12 0
0 6 13 6 13 7 14 7 14 1 8 0
0 0 0 0 0 0 0 0 0 0 0 0

0 0 0 0 0 0 0 0 0 0 0 0
0 1 4 8 12 2 5 9 13 3 6 0
0 7 10 11 14 1 4 8 12 2 5 0
0 9 13 3 6 7 10 11 14 1 4 0
0 8 12 2 5 9 13 3 6 7 10 0
0 11 14 1 4 8 12 2 5 9 13 0
0 3 6 7 10 11 14 1 4 8 12 0
0 2 5 9 13 3 6 7 10 11 14 0
0 1 4 3 6 8 12 7 10 2 5 0
0 9 13 11 14 1 4 3 6 8 12 0
0 7 10 2 5 9 13 11 14 1 4 0
0 0 0 0 0 0 0 0 0 0 0 0

0 0 0 0 0 0 0 0 0 0 0 0
0 1 2 13 14 3 4 11 12 5 6 0
0 7 8 9 10 1 2 13 14 3 4 0
0 11 12 5 6 7 8 9 10 1 2 0
0 13 14 3 4 11 12 5 6 7 8 0
0 9 10 1 2 13 14 3 4 11 12 0
0 5 6 7 8 9 10 1 2 13 14 0
0 3 4 11 12 5 6 7 8 9 10 0
0 1 2 5 6 13 14 7 8 11 12 0
0 9 10 3 4 1 2 5 6 13 14 0
0 7 8 11 12 9 10 3 4 1 2 0
0 0 0 0 0 0 0 0 0 0 0 0

0 0 0 0 0 0 0 0 0 0 0 0
0 1 9 2 10 3 11 4 12 5 13 0
0 6 14 1 9 2 10 3 11 4 12 0
0 5 13 6 14 1 9 2 10 3 11 0
0 4 12 5 13 6 14 1 9 2 10 0
0 3 11 4 12 5 13 6 14 1 9 0
0 2 10 3 11 4 12 5 13 6 14 0
0 1 9 2 10 3 11 4 12 5 13 0
0 6 14 1 9 2 10 3 11 4 12 0
0 5 13 6 14 1 9 2 10 3 11 0
0 4 12 5 13 6 14 1 9 2 10 0
0 0 0 0 0 0 0 0 0 0 0 0

0 0 0 0 0 0 0 0 0 0 0 0
0 1 3 5 7 2 4 6 8 9 11 0
0 10 12 13 14 1 3 5 7 2 4 0
0 6 8 9 11 10 12 13 14 1 3 0
0 5 7 2 4 6 8 9 11 10 12 0
0 13 14 1 3 5 7 2 4 6 8 0
0 9 11 10 12 13 14 1 3 5 7 0
0 2 4 6 8 9 11 10 12 13 14 0
0 1 3 13 14 5 7 10 12 2 4 0
0 6 8 9 11 1 3 13 14 5 7 0
0 10 12 2 4 6 8 9 11 1 3 0
0 0 0 0 0 0 0 0 0 0 0 0

0 0 0 0 0 0 0 0 0 0 0 0
0 1 2 3 4 5 6 1 2 3 4 0
0 7 8 9 10 11 12 7 8 9 10 0
0 13 14 1 2 13 14 5 6 11 12 0
0 3 4 7 8 3 4 9 10 1 2 0
0 5 6 11 12 5 6 13 14 7 8 0
0 9 10 13 14 9 10 1 2 3 4 0
0 11 12 1 2 11 12 3 4 5 6 0
0 13 14 5 6 7 8 13 14 9 10 0
0 1 2 9 10 1 2 11 12 13 14 0
0 3 4 11 12 7 8 3 4 5 6 0
0 0 0 0 0 0 0 0 0 0 0 0

0 0 0 0 0 0 0 0 0 0 0 0
0 1 11 2 12 3 13 4 14 5 1 0
0 6 2 7 3 8 4 9 5 10 6 0
0 11 7 12 8 13 9 14 10 1 2 0
0 3 11 4 12 5 13 6 14 7 1 0
0 8 2 9 3 10 4 1 5 2 6 0
0 7 8 3 9 4 10 5 1 6 2 0
0 11 12 7 13 8 14 9 1 10 2 0
0 3 4 11 5 12 6 13 7 14 8 0
0 9 10 1 9 2 10 3 1 4 2 0
0 5 6 7 3 8 4 9 5 10 6 0
0 0 0 0 0 0 0 0 0 0 0 0

0 0 0 0 0 0 0 0 0 0 0 0
0 1 5 9 2 6 10 3 7 11 4 0
0 8 12 13 14 1 5 9 2 6 10 0
0 3 7 11 4 8 12 13 14 1 5 0
0 9 2 6 10 3 7 11 4 8 12 0
0 13 14 1 5 9 2 6 10 3 7 0
0 11 4 8 12 13 14 1 5 9 2 0
0 6 10 3 7 11 4 8 12 13 14 0
0 1 5 13 14 9 2 8 12 6 10 0
0 3 7 11 4 1 5 13 14 9 2 0
0 8 12 6 10 3 7 11 4 1 5 0
0 0 0 0 0 0 0 0 0 0 0 0

0 0 0 0 0 0 0 0 0 0 0 0
0 1 14 3 12 5 10 7 8 9 11 0
0 1 14 3 12 5 10 7 8 9 11 0
0 2 13 4 11 6 9 1 14 3 12 0
0 2 13 4 11 6 9 1 14 3 12 0
0 5 10 7 8 2 13 4 11 6 9 0
0 5 10 7 8 2 13 4 11 6 9 0
0 1 14 3 12 5 10 7 8 2 13 0
0 1 14 3 12 5 10 7 8 2 13 0
0 4 11 6 9 1 14 3 12 5 10 0
0 4 11 6 9 1 14 3 12 5 10 0
0 0 0 0 0 0 0 0 0 0 0 0

0 0 0 0 0 0 0 0 0 0 0 0
0 1 2 4 7 11 1 2 4 7 11 0
0 3 5 8 12 13 3 5 8 12 13 0
0 6 9 10 14 1 6 9 10 14 1 0
0 2 4 7 11 3 2 4 7 11 3 0
0 5 8 12 13 6 5 8 12 13 6 0
0 9 10 14 1 2 9 10 14 1 2 0
0 4 7 11 3 5 4 7 11 3 5 0
0 8 12 13 6 9 8 12 13 6 9 0
0 10 14 1 2 4 10 14 1 2 4 0
0 7 11 3 5 8 7 11 3 5 8 0
0 0 0 0 0 0 0 0 0 0 0 0

0 0 0 0 0 0 0 0 0 0 0 0
0 1 6 2 7 3 8 4 9 5 10 0
0 11 12 13 14 1 6 2 7 3 8 0
0 4 9 5 10 11 12 13 14 1 6 0
0 2 7 3 8 4 9 5 10 11 12 0
0 13 14 1 6 2 7 3 8 4 9 0
0 5 10 11 12 13 14 1 6 2 7 0
0 3 8 4 9 5 10 11 12 13 14 0
0 1 6 13 14 2 7 11 12 3 8 0
0 4 9 5 10 1 6 13 14 2 7 0
0 11 12 3 8 4 9 5 10 1 6 0
0 0 0 0 0 0 0 0 0 0 0 0

0 0 0 0 0 0 0 0 0 0 0 0
0 1 2 7 13 3 4 8 14 5 6 0
0 9 10 11 12 1 2 7 13 3 4 0
0 8 14 5 6 9 10 11 12 1 2 0
0 7 13 3 4 8 14 5 6 9 10 0
0 11 12 1 2 7 13 3 4 8 14 0
0 5 6 9 10 11 12 1 2 7 13 0
0 3 4 8 14 5 6 9 10 11 12 0
0 1 2 5 6 7 13 9 10 8 14 0
0 11 12 3 4 1 2 5 6 7 13 0
0 9 10 8 14 11 12 3 4 1 2 0
0 0 0 0 0 0 0 0 0 0 0 0

0 0 0 0 0 0 0 0 0 0 0 0
0 1 7 2 8 3 9 4 10 5 11 0
0 6 12 13 14 1 7 2 8 3 9 0
0 4 10 5 11 6 12 13 14 1 7 0
0 2 8 3 9 4 10 5 11 6 12 0
0 13 14 1 7 2 8 3 9 4 10 0
0 5 11 6 12 13 14 1 7 2 8 0
0 3 9 4 10 5 11 6 12 13 14 0
0 1 7 13 14 2 8 6 12 3 9 0
0 4 10 5 11 1 7 13 14 2 8 0
0 6 12 3 9 4 10 5 11 1 7 0
0 0 0 0 0 0 0 0 0 0 0 0

0 0 0 0 0 0 0 0 0 0 0 0
0 1 4 2 5 3 6 11 12 13 14 0
0 7 8 9 10 1 4 2 5 3 6 0
0 11 12 13 14 7 8 9 10 1 4 0
0 2 5 3 6 11 12 13 14 7 8 0
0 9 10 1 4 2 5 3 6 11 12 0
0 13 14 7 8 9 10 1 4 2 5 0
0 3 6 11 12 13 14 7 8 9 10 0
0 1 4 13 14 2 5 9 10 3 6 0
0 7 8 1 4 13 14 2 5 11 12 0
0 9 10 3 6 7 8 1 4 13 14 0
0 0 0 0 0 0 0 0 0 0 0 0

0 0 0 0 0 0 0 0 0 0 0 0
0 1 10 11 2 9 12 3 8 13 4 0
0 7 14 5 6 1 10 11 2 9 12 0
0 3 8 13 4 7 14 5 6 1 10 0
0 11 2 9 12 3 8 13 4 7 14 0
0 5 6 1 10 11 2 9 12 3 8 0
0 13 4 7 14 5 6 1 10 11 2 0
0 9 12 3 8 13 4 7 14 5 6 0
0 1 10 13 4 11 2 7 14 9 12 0
0 3 8 5 6 1 10 13 4 11 2 0
0 7 14 9 12 3 8 5 6 1 10 0
0 0 0 0 0 0 0 0 0 0 0 0

0 0 0 0 0 0 0 0 0 0 0 0
0 1 2 9 10 1 2 9 10 11 12 0
0 3 4 11 12 3 4 11 12 13 14 0
0 5 6 13 14 5 6 13 14 1 2 0
0 7 8 1 2 7 8 1 2 3 4 0
0 9 10 3 4 9 10 3 4 5 6 0
0 11 12 5 6 11 12 5 6 7 8 0
0 13 14 7 8 13 14 7 8 9 10 0
0 1 2 5 6 9 10 13 14 3 4 0
0 7 8 11 12 1 2 5 6 9 10 0
0 13 14 3 4 7 8 11 12 1 2 0
0 0 0 0 0 0 0 0 0 0 0 0

0 0 0 0 0 0 0 0 0 0 0 0
0 1 8 14 2 7 13 3 6 12 4 0
0 5 11 1 8 14 2 7 13 3 6 0
0 12 4 5 11 1 8 14 2 7 13 0
0 3 6 12 4 5 11 1 8 14 2 0
0 7 13 3 6 12 4 5 11 1 8 0
0 14 2 7 13 3 6 12 4 5 11 0
0 1 8 14 2 7 13 3 6 12 4 0
0 5 11 1 8 14 2 7 13 3 6 0
0 12 4 5 11 1 8 14 2 7 13 0
0 3 6 12 4 5 11 1 8 14 2 0
0 0 0 0 0 0 0 0 0 0 0 0

0 0 0 0 0 0 0 0 0 0 0 0
0 1 3 2 4 9 11 10 12 13 14 0
0 5 7 6 8 1 3 2 4 9 11 0
0 10 12 13 14 5 7 6 8 1 3 0
0 2 4 9 11 10 12 13 14 5 7 0
0 6 8 1 3 2 4 9 11 10 12 0
0 13 14 5 7 6 8 1 3 2 4 0
0 9 11 10 12 13 14 5 7 6 8 0
0 1 3 13 14 2 4 10 12 9 11 0
0 5 7 1 3 13 14 2 4 6 8 0
0 10 12 9 11 5 7 1 3 13 14 0
0 0 0 0 0 0 0 0 0 0 0 0

0 0 0 0 0 0 0 0 0 0 0 0
0 1 5 2 6 11 12 3 7 4 8 0
0 9 10 13 14 1 5 2 6 11 12 0
0 3 7 4 8 9 10 13 14 1 5 0
0 2 6 11 12 3 7 4 8 9 10 0
0 13 14 1 5 2 6 11 12 3 7 0
0 4 8 9 10 13 14 1 5 2 6 0
0 11 12 3 7 4 8 9 10 13 14 0
0 1 5 13 14 2 6 9 10 11 12 0
0 3 7 4 8 1 5 13 14 2 6 0
0 9 10 11 12 3 7 4 8 1 5 0
0 0 0 0 0 0 0 0 0 0 0 0

0 0 0 0 0 0 0 0 0 0 0 0
0 1 2 3 4 5 11 12 13 14 6 0
0 7 8 9 10 1 2 3 4 5 11 0
0 12 13 14 6 7 8 9 10 1 2 0
0 3 4 5 11 12 13 14 6 7 8 0
0 9 10 1 2 3 4 5 11 12 13 0
0 14 6 7 8 9 10 1 2 3 4 0
0 5 11 12 13 14 6 7 8 9 10 0
0 1 2 14 6 3 4 9 10 5 11 0
0 12 13 7 8 1 2 14 6 3 4 0
0 9 10 5 11 12 13 7 8 1 2 0
0 0 0 0 0 0 0 0 0 0 0 0

0 0 0 0 0 0 0 0 0 0 0 0
0 1 9 13 2 10 14 3 11 1 12 0
0 4 12 2 9 13 3 10 14 4 11 0
0 5 1 4 12 5 2 9 13 3 10 0
0 14 3 11 4 1 5 12 2 9 13 0
0 10 14 1 5 12 4 3 11 2 9 0
0 13 2 10 14 3 1 5 12 4 11 0
0 11 4 1 5 12 2 10 14 3 9 0
0 9 3 10 14 1 5 12 4 2 11 0
0 12 2 9 13 3 10 14 1 4 5 0
0 1 4 11 9 2 3 12 10 5 14 0
0 0 0 0 0 0 0 0 0 0 0 0

0 0 0 0 0 0 0 0 0 0 0 0
0 1 4 7 10 1 4 7 10 2 5 0
0 8 11 11 8 2 5 9 12 9 12 0
0 3 6 13 14 3 6 13 14 1 4 0
0 7 10 2 5 7 10 2 5 8 11 0
0 9 12 3 6 9 12 3 6 13 14 0
0 1 4 13 14 1 4 13 14 7 10 0
0 2 5 8 11 2 5 8 11 9 12 0
0 3 6 1 4 3 6 1 4 2 5 0
0 7 10 9 12 7 10 9 12 3 6 0
0 13 14 2 5 13 14 2 5 1 4 0
0 0 0 0 0 0 0 0 0 0 0 0

0 0 0 0 0 0 0 0 0 0 0 0
0 1 2 3 4 5 6 7 8 9 10 0
0 1 2 3 4 5 6 7 8 9 10 0
0 11 12 13 14 1 2 3 4 5 6 0
0 11 12 13 14 1 2 3 4 5 6 0
0 7 8 9 10 11 12 13 14 1 2 0
0 7 8 9 10 11 12 13 14 1 2 0
0 3 4 5 6 7 8 9 10 11 12 0
0 3 4 5 6 7 8 9 10 11 12 0
0 13 14 1 2 3 4 5 6 7 8 0
0 13 14 1 2 3 4 5 6 7 8 0
0 0 0 0 0 0 0 0 0 0 0 0

0 0 0 0 0 0 0 0 0 0 0 0
0 1 2 5 8 1 2 5 8 3 6 0
0 9 12 12 9 3 6 10 13 10 13 0
0 4 7 11 14 4 7 11 14 1 2 0
0 5 8 3 6 5 8 3 6 9 12 0
0 10 13 4 7 10 13 4 7 11 14 0
0 1 2 11 14 1 2 11 14 5 8 0
0 3 6 9 12 3 6 9 12 10 13 0
0 4 7 1 2 4 7 1 2 3 6 0
0 5 8 10 13 5 8 10 13 4 7 0
0 11 14 3 6 11 14 3 6 1 2 0
0 0 0 0 0 0 0 0 0 0 0 0

0 0 0 0 0 0 0 0 0 0 0 0
0 1 3 6 9 1 3 6 9 2 4 0
0 7 10 10 7 2 4 8 11 8 11 0
0 5 12 13 14 5 12 13 14 1 3 0
0 6 9 2 4 6 9 2 4 7 10 0
0 8 11 5 12 8 11 5 12 13 14 0
0 1 3 13 14 1 3 13 14 6 9 0
0 2 4 7 10 2 4 7 10 8 11 0
0 5 12 1 3 5 12 1 3 2 4 0
0 6 9 8 11 6 9 8 11 5 12 0
0 13 14 2 4 13 14 2 4 1 3 0
0 0 0 0 0 0 0 0 0 0 0 0

0 0 0 0 0 0 0 0 0 0 0 0
0 1 5 9 13 1 5 9 13 2 6 0
0 7 11 11 7 2 6 8 12 8 12 0
0 3 7 10 14 3 7 10 14 1 5 0
0 9 13 2 6 9 13 2 6 7 11 0
0 8 12 3 7 8 12 3 7 10 14 0
0 1 5 10 14 1 5 10 14 9 13 0
0 2 6 7 11 2 6 7 11 8 12 0
0 3 7 1 5 3 7 1 5 2 6 0
0 9 13 8 12 9 13 8 12 3 7 0
0 10 14 2 6 10 14 2 6 1 5 0
0 0 0 0 0 0 0 0 0 0 0 0

0 0 0 0 0 0 0 0 0 0 0 0
0 1 6 11 14 1 6 11 14 2 7 0
0 8 12 12 8 2 7 9 13 9 13 0
0 3 5 10 11 3 5 10 11 1 6 0
0 11 14 2 7 11 14 2 7 8 12 0
0 9 13 3 5 9 13 3 5 10 11 0
0 1 6 10 11 1 6 10 11 11 14 0
0 2 7 8 12 2 7 8 12 9 13 0
0 3 5 1 6 3 5 1 6 2 7 0
0 11 14 9 13 11 14 9 13 3 5 0
0 10 11 2 7 10 11 2 7 1 6 0
0 0 0 0 0 0 0 0 0 0 0 0

0 0 0 0 0 0 0 0 0 0 0 0
0 2 5 8 11 2 5 8 11 1 4 0
0 9 13 13 9 1 4 10 12 10 12 0
0 3 6 7 14 3 6 7 14 2 5 0
0 8 11 1 4 8 11 1 4 9 13 0
0 10 12 3 6 10 12 3 6 7 14 0
0 2 5 7 14 2 5 7 14 8 11 0
0 1 4 9 13 1 4 9 13 10 12 0
0 3 6 2 5 3 6 2 5 1 4 0
0 8 11 10 12 8 11 10 12 3 6 0
0 7 14 1 4 7 14 1 4 2 5 0
0 0 0 0 0 0 0 0 0 0 0 0

0 0 0 0 0 0 0 0 0 0 0 0
0 1 7 12 14 1 7 12 14 3 8 0
0 6 10 10 6 3 8 9 11 9 11 0
0 2 4 5 13 2 4 5 13 1 7 0
0 12 14 3 8 12 14 3 8 6 10 0
0 9 11 2 4 9 11 2 4 5 13 0
0 1 7 5 13 1 7 5 13 12 14 0
0 3 8 6 10 3 8 6 10 9 11 0
0 2 4 1 7 2 4 1 7 3 8 0
0 12 14 9 11 12 14 9 11 2 4 0
0 5 13 3 8 5 13 3 8 1 7 0
0 0 0 0 0 0 0 0 0 0 0 0

0 0 0 0 0 0 0 0 0 0 0 0
0 3 8 10 13 3 8 10 13 1 6 0
0 2 9 9 2 1 6 4 11 4 11 0
0 5 7 12 14 5 7 12 14 3 8 0
0 10 13 1 6 10 13 1 6 2 9 0
0 4 11 5 7 4 11 5 7 12 14 0
0 3 8 12 14 3 8 12 14 10 13 0
0 1 6 2 9 1 6 2 9 4 11 0
0 5 7 3 8 5 7 3 8 1 6 0
0 10 13 4 11 10 13 4 11 5 7 0
0 12 14 1 6 12 14 1 6 3 8 0
0 0 0 0 0 0 0 0 0 0 0 0